1 1000 1
2 1000 2
3 1000 8
4 1000 3
5 1000 6
6 1000 9
7 1000 17
8 1000 4
9 1000 20
10 1000 7
11 1000 15
12 1000 10
13 1000 10
14 1000 18
15 1000 18
16 1000 5
17 1000 13
18 1000 21
19 1000 21
20 1000 8
21 1000 8
22 1000 16
23 1000 16
24 1000 11
25 1000 24
26 1000 11
27 1000 112
28 1000 19
29 1000 19
30 1000 19
31 1000 107
32 1000 6
33 1000 27
34 1000 14
35 1000 14
36 1000 22
37 1000 22
38 1000 22
39 1000 35
40 1000 9
41 1000 110
42 1000 9
43 1000 30
44 1000 17
45 1000 17
46 1000 17
47 1000 105
48 1000 12
49 1000 25
50 1000 25
51 1000 25
52 1000 12
53 1000 12
54 1000 113
55 1000 113
56 1000 20
57 1000 33
58 1000 20
59 1000 33
60 1000 20
61 1000 20
62 1000 108
63 1000 108
64 1000 7
65 1000 28
66 1000 28
67 1000 28
68 1000 15
69 1000 15
70 1000 15
71 1000 103
72 1000 23
73 1000 116
74 1000 23
75 1000 15
76 1000 23
77 1000 23
78 1000 36
79 1000 36
80 1000 10
81 1000 23
82 1000 111
83 1000 111
84 1000 10
85 1000 10
86 1000 31
87 1000 31
88 1000 18
89 1000 31
90 1000 18
91 1000 93
92 1000 18
93 1000 18
94 1000 106
95 1000 106
96 1000 13
97 1000 119
98 1000 26
99 1000 26
100 1000 26
101 1000 26
102 1000 26
103 1000 88
104 1000 13
105 1000 39
106 1000 13
107 1000 101
108 1000 114
109 1000 114
110 1000 114
111 1000 70
112 1000 21
113 1000 13
114 1000 34
115 1000 34
116 1000 21
117 1000 21
118 1000 34
119 1000 34
120 1000 21
121 1000 96
122 1000 21
123 1000 47
124 1000 109
125 1000 109
126 1000 109
127 1000 47
128 1000 8
129 1000 122
130 1000 29
131 1000 29
132 1000 29
133 1000 29
134 1000 29
135 1000 42
136 1000 16
137 1000 91
138 1000 16
139 1000 42
140 1000 16
141 1000 16
142 1000 104
143 1000 104
144 1000 24
145 1000 117
146 1000 117
147 1000 117
148 1000 24
149 1000 24
150 1000 16
151 1000 16
152 1000 24
153 1000 37
154 1000 24
155 1000 86
156 1000 37
157 1000 37
158 1000 37
159 1000 55
160 1000 11
161 1000 99
162 1000 24
163 1000 24
164 1000 112
165 1000 112
166 1000 112
167 1000 68
168 1000 11
169 1000 50
170 1000 11
171 1000 125
172 1000 32
173 1000 32
174 1000 32
175 1000 81
176 1000 19
177 1000 32
178 1000 32
179 1000 32
180 1000 19
181 1000 19
182 1000 94
183 1000 94
184 1000 19
185 1000 45
186 1000 19
187 1000 45
188 1000 107
189 1000 107
190 1000 107
191 1000 45
192 1000 14
193 1000 120
194 1000 120
195 1000 120
196 1000 27
197 1000 27
198 1000 27
199 1000 120
200 1000 27
201 1000 19
202 1000 27
203 1000 40
204 1000 27
205 1000 27
206 1000 89
207 1000 89
208 1000 14
209 1000 40
210 1000 40
211 1000 40
212 1000 14
213 1000 14
214 1000 102
215 1000 102
216 1000 115
217 1000 27
218 1000 115
219 1000 53
220 1000 115
221 1000 115
222 1000 71
223 1000 71
224 1000 22
225 1000 53
226 1000 14
227 1000 14
228 1000 35
229 1000 35
230 1000 35
231 1000 128
232 1000 22
233 1000 84
234 1000 22
235 1000 128
236 1000 35
237 1000 35
238 1000 35
239 1000 53
240 1000 22
241 1000 22
242 1000 97
243 1000 97
244 1000 22
245 1000 22
246 1000 48
247 1000 48
248 1000 110
249 1000 48
250 1000 110
251 1000 66
252 1000 110
253 1000 110
254 1000 48
255 1000 48
256 1000 9
257 1000 123
258 1000 123
259 1000 123
260 1000 30
261 1000 30
262 1000 30
263 1000 79
264 1000 30
265 1000 123
266 1000 30
267 1000 22
268 1000 30
269 1000 30
270 1000 43
271 1000 43
272 1000 17
273 1000 30
274 1000 92
275 1000 92
276 1000 17
277 1000 17
278 1000 43
279 1000 43
280 1000 17
281 1000 43
282 1000 17
283 1000 61
284 1000 105
285 1000 105
286 1000 105
287 1000 43
288 1000 25
289 1000 30
290 1000 118
291 1000 118
292 1000 118
293 1000 118
294 1000 118
295 1000 56
296 1000 25
297 1000 74
298 1000 25
299 1000 118
300 1000 17
301 1000 17
302 1000 17
303 1000 43
304 1000 25
305 1000 38
306 1000 38
307 1000 38
308 1000 25
309 1000 25
310 1000 87
311 1000 87
312 1000 38
313 1000 131
314 1000 38
315 1000 38
316 1000 38
317 1000 38
318 1000 56
319 1000 56
320 1000 12
321 1000 25
322 1000 100
323 1000 100
324 1000 25
325 1000 25
326 1000 25
327 1000 144
328 1000 113
329 1000 51
330 1000 113
331 1000 25
332 1000 113
333 1000 113
334 1000 69
335 1000 69
336 1000 12
337 1000 113
338 1000 51
339 1000 51
340 1000 12
341 1000 12
342 1000 126
343 1000 126
344 1000 33
345 1000 126
346 1000 33
347 1000 126
348 1000 33
349 1000 33
350 1000 82
351 1000 82
352 1000 20
353 1000 126
354 1000 33
355 1000 33
356 1000 33
357 1000 33
358 1000 33
359 1000 51
360 1000 20
361 1000 46
362 1000 20
363 1000 46
364 1000 95
365 1000 95
366 1000 95
367 1000 46
368 1000 20
369 1000 20
370 1000 46
371 1000 46
372 1000 20
373 1000 20
374 1000 46
375 1000 46
376 1000 108
377 1000 64
378 1000 108
379 1000 59
380 1000 108
381 1000 108
382 1000 46
383 1000 46
384 1000 15
385 1000 33
386 1000 121
387 1000 121
388 1000 121
389 1000 121
390 1000 121
391 1000 121
392 1000 28
393 1000 59
394 1000 28
395 1000 77
396 1000 28
397 1000 28
398 1000 121
399 1000 121
400 1000 28
401 1000 20
402 1000 20
403 1000 20
404 1000 28
405 1000 28
406 1000 41
407 1000 41
408 1000 28
409 1000 41
410 1000 28
411 1000 134
412 1000 90
413 1000 90
414 1000 90
415 1000 134
416 1000 15
417 1000 134
418 1000 41
419 1000 41
420 1000 41
421 1000 41
422 1000 41
423 1000 33
424 1000 15
425 1000 59
426 1000 15
427 1000 54
428 1000 103
429 1000 103
430 1000 103
431 1000 41
432 1000 116
433 1000 28
434 1000 28
435 1000 28
436 1000 116
437 1000 116
438 1000 54
439 1000 54
440 1000 116
441 1000 28
442 1000 116
443 1000 54
444 1000 72
445 1000 72
446 1000 72
447 1000 98
448 1000 23
449 1000 116
450 1000 54
451 1000 54
452 1000 15
453 1000 15
454 1000 15
455 1000 41
456 1000 36
457 1000 129
458 1000 36
459 1000 129
460 1000 36
461 1000 36
462 1000 129
463 1000 129
464 1000 23
465 1000 36
466 1000 85
467 1000 85
468 1000 23
469 1000 23
470 1000 129
471 1000 129
472 1000 36
473 1000 36
474 1000 36
475 1000 28
476 1000 36
477 1000 36
478 1000 54
479 1000 54
480 1000 23
481 1000 49
482 1000 23
483 1000 23
484 1000 98
485 1000 98
486 1000 98
487 1000 142
488 1000 23
489 1000 49
490 1000 23
491 1000 142
492 1000 49
493 1000 49
494 1000 49
495 1000 98
496 1000 111
497 1000 23
498 1000 49
499 1000 49
500 1000 111
501 1000 111
502 1000 67
503 1000 67
504 1000 111
505 1000 62
506 1000 111
507 1000 36
508 1000 49
509 1000 49
510 1000 49
511 1000 62
512 1000 10
513 1000 36
514 1000 124
515 1000 124
516 1000 124
517 1000 124
518 1000 124
519 1000 62
520 1000 31
521 1000 124
522 1000 31
523 1000 124
524 1000 31
525 1000 31
526 1000 80
527 1000 80
528 1000 31
529 1000 31
530 1000 124
531 1000 124
532 1000 31
533 1000 31
534 1000 23
535 1000 23
536 1000 31
537 1000 23
538 1000 31
539 1000 49
540 1000 44
541 1000 44
542 1000 44
543 1000 137
544 1000 18
545 1000 44
546 1000 31
547 1000 31
548 1000 93
549 1000 93
550 1000 93
551 1000 44
552 1000 18
553 1000 137
554 1000 18
555 1000 31
556 1000 44
557 1000 44
558 1000 44
559 1000 88
560 1000 18
561 1000 44
562 1000 44
563 1000 44
564 1000 18
565 1000 18
566 1000 62
567 1000 62
568 1000 106
569 1000 57
570 1000 106
571 1000 31
572 1000 106
573 1000 106
574 1000 44
575 1000 44
576 1000 26
577 1000 31
578 1000 31
579 1000 31
580 1000 119
581 1000 119
582 1000 119
583 1000 31
584 1000 119
585 1000 57
586 1000 119
587 1000 119
588 1000 119
589 1000 119
590 1000 57
591 1000 57
592 1000 26
593 1000 75
594 1000 75
595 1000 75
596 1000 26
597 1000 26
598 1000 119
599 1000 119
600 1000 18
601 1000 57
602 1000 18
603 1000 70
604 1000 18
605 1000 18
606 1000 44
607 1000 44
608 1000 26
609 1000 132
610 1000 39
611 1000 39
612 1000 39
613 1000 39
614 1000 39
615 1000 70
616 1000 26
617 1000 132
618 1000 26
619 1000 132
620 1000 88
621 1000 88
622 1000 88
623 1000 132
624 1000 39
625 1000 26
626 1000 132
627 1000 132
628 1000 39
629 1000 39
630 1000 39
631 1000 39
632 1000 39
633 1000 31
634 1000 39
635 1000 31
636 1000 57
637 1000 57
638 1000 57
639 1000 132
640 1000 13
641 1000 52
642 1000 26
643 1000 26
644 1000 101
645 1000 101
646 1000 101
647 1000 39
648 1000 26
649 1000 145
650 1000 26
651 1000 101
652 1000 26
653 1000 26
654 1000 145
655 1000 145
656 1000 114
657 1000 52
658 1000 52
659 1000 52
660 1000 114
661 1000 114
662 1000 26
663 1000 26
664 1000 114
665 1000 52
666 1000 114
667 1000 145
668 1000 70
669 1000 70
670 1000 70
671 1000 96
672 1000 13
673 1000 65
674 1000 114
675 1000 114
676 1000 52
677 1000 52
678 1000 52
679 1000 65
680 1000 13
681 1000 65
682 1000 13
683 1000 39
684 1000 127
685 1000 127
686 1000 127
687 1000 39
688 1000 34
689 1000 127
690 1000 127
691 1000 127
692 1000 34
693 1000 34
694 1000 127
695 1000 127
696 1000 34
697 1000 127
698 1000 34
699 1000 65
700 1000 83
701 1000 83
702 1000 83
703 1000 171
704 1000 21
705 1000 34
706 1000 127
707 1000 127
708 1000 34
709 1000 34
710 1000 34
711 1000 65
712 1000 34
713 1000 26
714 1000 34
715 1000 26
716 1000 34
717 1000 34
718 1000 52
719 1000 52
720 1000 21
721 1000 47
722 1000 47
723 1000 47
724 1000 21
725 1000 21
726 1000 47
727 1000 47
728 1000 96
729 1000 34
730 1000 96
731 1000 140
732 1000 96
733 1000 96
734 1000 47
735 1000 47
736 1000 21
737 1000 140
738 1000 21
739 1000 21
740 1000 47
741 1000 47
742 1000 47
743 1000 96
744 1000 21
745 1000 91
746 1000 21
747 1000 47
748 1000 47
749 1000 47
750 1000 47
751 1000 140
752 1000 109
753 1000 21
754 1000 65
755 1000 65
756 1000 109
757 1000 109
758 1000 60
759 1000 60
760 1000 109
761 1000 34
762 1000 109
763 1000 153
764 1000 47
765 1000 47
766 1000 47
767 1000 60
768 1000 16
769 1000 34
770 1000 34
771 1000 34
772 1000 122
773 1000 122
774 1000 122
775 1000 153
776 1000 122
777 1000 34
778 1000 122
779 1000 60
780 1000 122
781 1000 122
782 1000 122
783 1000 122
784 1000 29
785 1000 122
786 1000 60
787 1000 60
788 1000 29
789 1000 29
790 1000 78
791 1000 78
792 1000 29
793 1000 78
794 1000 29
795 1000 104
796 1000 122
797 1000 122
798 1000 122
799 1000 73
800 1000 29
801 1000 60
802 1000 21
803 1000 21
804 1000 21
805 1000 21
806 1000 21
807 1000 73
808 1000 29
809 1000 47
810 1000 29
811 1000 135
812 1000 42
813 1000 42
814 1000 42
815 1000 135
816 1000 29
817 1000 42
818 1000 42
819 1000 42
820 1000 29
821 1000 29
822 1000 135
823 1000 135
824 1000 91
825 1000 135
826 1000 91
827 1000 42
828 1000 91
829 1000 91
830 1000 135
831 1000 135
832 1000 16
833 1000 29
834 1000 135
835 1000 135
836 1000 42
837 1000 42
838 1000 42
839 1000 86
840 1000 42
841 1000 42
842 1000 42
843 1000 42
844 1000 42
845 1000 42
846 1000 34
847 1000 34
848 1000 16
849 1000 60
850 1000 60
851 1000 60
852 1000 16
853 1000 16
854 1000 55
855 1000 55
856 1000 104
857 1000 29
858 1000 104
859 1000 148
860 1000 104
861 1000 104
862 1000 42
863 1000 42
864 1000 117
865 1000 148
866 1000 29
867 1000 29
868 1000 29
869 1000 29
870 1000 29
871 1000 179
872 1000 117
873 1000 148
874 1000 117
875 1000 29
876 1000 55
877 1000 55
878 1000 55
879 1000 148
880 1000 117
881 1000 117
882 1000 29
883 1000 29
884 1000 117
885 1000 117
886 1000 55
887 1000 55
888 1000 73
889 1000 148
890 1000 73
891 1000 47
892 1000 73
893 1000 73
894 1000 99
895 1000 99
896 1000 24
897 1000 68
898 1000 117
899 1000 117
900 1000 55
901 1000 55
902 1000 55
903 1000 117
904 1000 16
905 1000 68
906 1000 16
907 1000 55
908 1000 16
909 1000 16
910 1000 42
911 1000 42
912 1000 37
913 1000 130
914 1000 130
915 1000 130
916 1000 37
917 1000 37
918 1000 130
919 1000 130
920 1000 37
921 1000 130
922 1000 37
923 1000 68
924 1000 130
925 1000 130
926 1000 130
927 1000 117
928 1000 24
929 1000 130
930 1000 37
931 1000 37
932 1000 86
933 1000 86
934 1000 86
935 1000 130
936 1000 24
937 1000 174
938 1000 24
939 1000 86
940 1000 130
941 1000 130
942 1000 130
943 1000 37
944 1000 37
945 1000 37
946 1000 37
947 1000 37
948 1000 37
949 1000 37
950 1000 29
951 1000 29
952 1000 37
953 1000 29
954 1000 37
955 1000 29
956 1000 55
957 1000 55
958 1000 55
959 1000 130
960 1000 24
961 1000 50
962 1000 50
963 1000 50
964 1000 24
965 1000 24
966 1000 24
967 1000 143
968 1000 99
969 1000 50
970 1000 99
971 1000 37
972 1000 99
973 1000 99
974 1000 143
975 1000 143
976 1000 24
977 1000 99
978 1000 50
979 1000 50
980 1000 24
981 1000 24
982 1000 143
983 1000 143
984 1000 50
985 1000 24
986 1000 50
987 1000 37
988 1000 50
989 1000 50
990 1000 99
991 1000 99
992 1000 112
993 1000 94
994 1000 24
995 1000 24
996 1000 50
997 1000 50
998 1000 50
999 1000 50
1000 1000 112